{
 "cells": [
  {
   "cell_type": "code",
   "execution_count": 2,
   "id": "e683aa20",
   "metadata": {},
   "outputs": [],
   "source": [
    "import torch\n",
    "from opt import config_parser\n",
    "from data import dataset_dict\n",
    "import numpy as np\n",
    "import json\n",
    "import os"
   ]
  },
  {
   "cell_type": "code",
   "execution_count": 3,
   "id": "9c684a07",
   "metadata": {},
   "outputs": [],
   "source": [
    "scene = 'chair'\n",
    "root_dir = f'/mnt/hdd/mvsnerf_data/nerf_synthetic/{scene}'\n",
    "file = 'transforms_val.json'\n",
    "\n",
    "with open(os.path.join(root_dir, file), 'r') as f:\n",
    "    meta = json.load(f)"
   ]
  },
  {
   "cell_type": "code",
   "execution_count": 4,
   "id": "a5237367",
   "metadata": {},
   "outputs": [
    {
     "data": {
      "text/plain": [
       "{'camera_angle_x': 0.6911112070083618,\n",
       " 'frames': [{'file_path': './val/r_0',\n",
       "   'rotation': 0.012566370614359171,\n",
       "   'transform_matrix': [[-0.012968253344297409,\n",
       "     0.44961410760879517,\n",
       "     -0.8931288123130798,\n",
       "     -3.6003170013427734],\n",
       "    [-0.9999159574508667,\n",
       "     -0.005831199698150158,\n",
       "     0.011583293788135052,\n",
       "     0.046693746000528336],\n",
       "    [-4.656612873077393e-10,\n",
       "     0.8932039141654968,\n",
       "     0.44965195655822754,\n",
       "     1.8126047849655151],\n",
       "    [0.0, 0.0, 0.0, 1.0]]},\n",
       "  {'file_path': './val/r_1',\n",
       "   'rotation': 0.012566370614359171,\n",
       "   'transform_matrix': [[0.13482968509197235,\n",
       "     0.37570297718048096,\n",
       "     -0.9168796539306641,\n",
       "     -3.6960597038269043],\n",
       "    [-0.990868866443634,\n",
       "     0.05112272500991821,\n",
       "     -0.12476181238889694,\n",
       "     -0.5029308795928955],\n",
       "    [3.725290298461914e-09,\n",
       "     0.9253289103507996,\n",
       "     0.37916529178619385,\n",
       "     1.5284639596939087],\n",
       "    [0.0, 0.0, 0.0, 1.0]]},\n",
       "  {'file_path': './val/r_2',\n",
       "   'rotation': 0.012566370614359171,\n",
       "   'transform_matrix': [[0.9456590414047241,\n",
       "     -0.07149025052785873,\n",
       "     0.3172036409378052,\n",
       "     1.2786887884140015],\n",
       "    [0.3251599669456482,\n",
       "     0.20791427791118622,\n",
       "     -0.9225197434425354,\n",
       "     -3.7187960147857666],\n",
       "    [0.0, 0.9755309224128723, 0.21986180543899536, 0.8862912654876709],\n",
       "    [0.0, 0.0, 0.0, 1.0]]},\n",
       "  {'file_path': './val/r_3',\n",
       "   'rotation': 0.012566370614359171,\n",
       "   'transform_matrix': [[0.9817554950714111,\n",
       "     0.08629385381937027,\n",
       "     -0.16943921148777008,\n",
       "     -0.6830313205718994],\n",
       "    [-0.19014805555343628,\n",
       "     0.4455447196960449,\n",
       "     -0.8748334646224976,\n",
       "     -3.526566505432129],\n",
       "    [-7.450580596923828e-09,\n",
       "     0.8910911083221436,\n",
       "     0.45382454991340637,\n",
       "     1.82942533493042],\n",
       "    [0.0, 0.0, 0.0, 1.0]]},\n",
       "  {'file_path': './val/r_4',\n",
       "   'rotation': 0.012566370614359171,\n",
       "   'transform_matrix': [[-0.7257492542266846,\n",
       "     -0.18657660484313965,\n",
       "     0.6621761918067932,\n",
       "     2.6693172454833984],\n",
       "    [0.6879593729972839,\n",
       "     -0.1968253254890442,\n",
       "     0.6985498070716858,\n",
       "     2.815943956375122],\n",
       "    [0.0, 0.9625221490859985, 0.2712029814720154, 1.0932540893554688],\n",
       "    [0.0, 0.0, 0.0, 1.0]]},\n",
       "  {'file_path': './val/r_5',\n",
       "   'rotation': 0.012566370614359171,\n",
       "   'transform_matrix': [[-0.12406770139932632,\n",
       "     -0.19790756702423096,\n",
       "     0.9723372459411621,\n",
       "     3.919616937637329],\n",
       "    [0.9922738075256348,\n",
       "     -0.024745125323534012,\n",
       "     0.12157496809959412,\n",
       "     0.4900844097137451],\n",
       "    [1.862645149230957e-09,\n",
       "     0.979908287525177,\n",
       "     0.19944854080677032,\n",
       "     0.8040028214454651],\n",
       "    [0.0, 0.0, 0.0, 1.0]]},\n",
       "  {'file_path': './val/r_6',\n",
       "   'rotation': 0.012566370614359171,\n",
       "   'transform_matrix': [[-0.5164710283279419,\n",
       "     0.18157032132148743,\n",
       "     -0.8368331789970398,\n",
       "     -3.373382568359375],\n",
       "    [-0.8563046455383301,\n",
       "     -0.10951220989227295,\n",
       "     0.5047270059585571,\n",
       "     2.0346198081970215],\n",
       "    [0.0, 0.9772610664367676, 0.21203939616680145, 0.8547582030296326],\n",
       "    [0.0, 0.0, 0.0, 1.0]]},\n",
       "  {'file_path': './val/r_7',\n",
       "   'rotation': 0.012566370614359171,\n",
       "   'transform_matrix': [[0.952768087387085,\n",
       "     -0.17112217843532562,\n",
       "     0.2508988678455353,\n",
       "     1.0114058256149292],\n",
       "    [0.30369895696640015,\n",
       "     0.5368465781211853,\n",
       "     -0.7871229648590088,\n",
       "     -3.172994375228882],\n",
       "    [-1.4901162970204496e-08,\n",
       "     0.8261433243751526,\n",
       "     0.5634598135948181,\n",
       "     2.2713794708251953],\n",
       "    [0.0, 0.0, 0.0, 1.0]]},\n",
       "  {'file_path': './val/r_8',\n",
       "   'rotation': 0.012566370614359171,\n",
       "   'transform_matrix': [[0.3579317629337311,\n",
       "     0.7625805735588074,\n",
       "     -0.5388465523719788,\n",
       "     -2.1721599102020264],\n",
       "    [-0.9337478280067444,\n",
       "     0.29231855273246765,\n",
       "     -0.20655502378940582,\n",
       "     -0.8326499462127686],\n",
       "    [0.0, 0.5770792365074158, 0.816688060760498, 3.292174816131592],\n",
       "    [0.0, 0.0, 0.0, 1.0]]},\n",
       "  {'file_path': './val/r_9',\n",
       "   'rotation': 0.012566370614359171,\n",
       "   'transform_matrix': [[-0.8337303400039673,\n",
       "     -0.49549615383148193,\n",
       "     0.24367454648017883,\n",
       "     0.9822835922241211],\n",
       "    [0.5521718263626099,\n",
       "     -0.7481551170349121,\n",
       "     0.3679268956184387,\n",
       "     1.4831608533859253],\n",
       "    [-1.4901161193847656e-08,\n",
       "     0.44130203127861023,\n",
       "     0.8973585367202759,\n",
       "     3.617368221282959],\n",
       "    [0.0, 0.0, 0.0, 1.0]]},\n",
       "  {'file_path': './val/r_10',\n",
       "   'rotation': 0.012566370614359171,\n",
       "   'transform_matrix': [[-0.06683438271284103,\n",
       "     0.4960910975933075,\n",
       "     -0.8656943440437317,\n",
       "     -3.4897255897521973],\n",
       "    [-0.9977641105651855,\n",
       "     -0.033230241388082504,\n",
       "     0.05798780173063278,\n",
       "     0.23375630378723145],\n",
       "    [0.0, 0.8676342964172363, 0.4972028136253357, 2.004288673400879],\n",
       "    [0.0, 0.0, 0.0, 1.0]]},\n",
       "  {'file_path': './val/r_11',\n",
       "   'rotation': 0.012566370614359171,\n",
       "   'transform_matrix': [[-0.9735063910484314,\n",
       "     0.1738041341304779,\n",
       "     -0.1485852301120758,\n",
       "     -0.5989662408828735],\n",
       "    [-0.22866012156009674,\n",
       "     -0.7399603724479675,\n",
       "     0.6325924396514893,\n",
       "     2.5500617027282715],\n",
       "    [0.0, 0.6498081684112549, 0.7600981593132019, 3.064053773880005],\n",
       "    [0.0, 0.0, 0.0, 1.0]]},\n",
       "  {'file_path': './val/r_12',\n",
       "   'rotation': 0.012566370614359171,\n",
       "   'transform_matrix': [[0.9906228184700012,\n",
       "     0.07781686633825302,\n",
       "     -0.1122983768582344,\n",
       "     -0.45268917083740234],\n",
       "    [-0.13662497699260712,\n",
       "     0.5642244815826416,\n",
       "     -0.8142385482788086,\n",
       "     -3.2823002338409424],\n",
       "    [0.0, 0.8219460248947144, 0.5695654153823853, 2.2959914207458496],\n",
       "    [0.0, 0.0, 0.0, 1.0]]},\n",
       "  {'file_path': './val/r_13',\n",
       "   'rotation': 0.012566370614359171,\n",
       "   'transform_matrix': [[-0.32635805010795593,\n",
       "     -0.16163168847560883,\n",
       "     0.9313246607780457,\n",
       "     3.7542898654937744],\n",
       "    [0.9452462792396545,\n",
       "     -0.05580534785985947,\n",
       "     0.3215514123439789,\n",
       "     1.2962151765823364],\n",
       "    [0.0, 0.9852719902992249, 0.17099426686763763, 0.6892999410629272],\n",
       "    [0.0, 0.0, 0.0, 1.0]]},\n",
       "  {'file_path': './val/r_14',\n",
       "   'rotation': 0.012566370614359171,\n",
       "   'transform_matrix': [[0.8277729749679565,\n",
       "     -0.25316083431243896,\n",
       "     0.5007011294364929,\n",
       "     2.0183908939361572],\n",
       "    [0.5610633492469788,\n",
       "     0.37350448966026306,\n",
       "     -0.7387166619300842,\n",
       "     -2.9778621196746826],\n",
       "    [1.4901162970204496e-08,\n",
       "     0.8924146294593811,\n",
       "     0.4512161314487457,\n",
       "     1.8189103603363037],\n",
       "    [0.0, 0.0, 0.0, 1.0]]},\n",
       "  {'file_path': './val/r_15',\n",
       "   'rotation': 0.012566370614359171,\n",
       "   'transform_matrix': [[-0.5954052209854126,\n",
       "     0.18977071344852448,\n",
       "     -0.7806918621063232,\n",
       "     -3.1470694541931152],\n",
       "    [-0.8034256100654602,\n",
       "     -0.1406358778476715,\n",
       "     0.5785576105117798,\n",
       "     2.332240343093872],\n",
       "    [7.450580596923828e-09,\n",
       "     0.9717039465904236,\n",
       "     0.23620197176933289,\n",
       "     0.9521605968475342],\n",
       "    [0.0, 0.0, 0.0, 1.0]]},\n",
       "  {'file_path': './val/r_16',\n",
       "   'rotation': 0.012566370614359171,\n",
       "   'transform_matrix': [[-0.09785069525241852,\n",
       "     0.3769553303718567,\n",
       "     -0.9210482835769653,\n",
       "     -3.712864398956299],\n",
       "    [-0.9952011704444885,\n",
       "     -0.037063200026750565,\n",
       "     0.09055979549884796,\n",
       "     0.36505821347236633],\n",
       "    [3.725290298461914e-09,\n",
       "     0.9254896640777588,\n",
       "     0.3787730038166046,\n",
       "     1.5268827676773071],\n",
       "    [0.0, 0.0, 0.0, 1.0]]},\n",
       "  {'file_path': './val/r_17',\n",
       "   'rotation': 0.012566370614359171,\n",
       "   'transform_matrix': [[0.10357602685689926,\n",
       "     -0.7216525077819824,\n",
       "     0.6844629645347595,\n",
       "     2.7591583728790283],\n",
       "    [0.9946215152740479,\n",
       "     0.07515009492635727,\n",
       "     -0.07127732038497925,\n",
       "     -0.2873280644416809],\n",
       "    [-3.725290076417309e-09,\n",
       "     0.688164234161377,\n",
       "     0.7255549430847168,\n",
       "     2.9248056411743164],\n",
       "    [0.0, 0.0, 0.0, 1.0]]},\n",
       "  {'file_path': './val/r_18',\n",
       "   'rotation': 0.012566370614359171,\n",
       "   'transform_matrix': [[-0.31253594160079956,\n",
       "     -0.11902818083763123,\n",
       "     0.9424189925193787,\n",
       "     3.7990124225616455],\n",
       "    [0.9499059915542603,\n",
       "     -0.03916238620877266,\n",
       "     0.3100726008415222,\n",
       "     1.249942660331726],\n",
       "    [-3.725290742551124e-09,\n",
       "     0.9921181797981262,\n",
       "     0.12530523538589478,\n",
       "     0.5051215887069702],\n",
       "    [0.0, 0.0, 0.0, 1.0]]},\n",
       "  {'file_path': './val/r_19',\n",
       "   'rotation': 0.012566370614359171,\n",
       "   'transform_matrix': [[-0.8297476768493652,\n",
       "     0.2968638837337494,\n",
       "     -0.472642183303833,\n",
       "     -1.9052815437316895],\n",
       "    [-0.5581387281417847,\n",
       "     -0.4413278102874756,\n",
       "     0.7026456594467163,\n",
       "     2.8324551582336426],\n",
       "    [-1.4901161193847656e-08,\n",
       "     0.8468184471130371,\n",
       "     0.5318819880485535,\n",
       "     2.144084930419922],\n",
       "    [0.0, 0.0, 0.0, 1.0]]},\n",
       "  {'file_path': './val/r_20',\n",
       "   'rotation': 0.012566370614359171,\n",
       "   'transform_matrix': [[0.1563117802143097,\n",
       "     0.6437917947769165,\n",
       "     -0.7490653395652771,\n",
       "     -3.019578695297241],\n",
       "    [-0.9877078533172607,\n",
       "     0.1018846184015274,\n",
       "     -0.11854490637779236,\n",
       "     -0.47786974906921387],\n",
       "    [-7.450580596923828e-09,\n",
       "     0.758387565612793,\n",
       "     0.6518039107322693,\n",
       "     2.627505302429199],\n",
       "    [0.0, 0.0, 0.0, 1.0]]},\n",
       "  {'file_path': './val/r_21',\n",
       "   'rotation': 0.012566370614359171,\n",
       "   'transform_matrix': [[-0.19076207280158997,\n",
       "     -0.5137558579444885,\n",
       "     0.8364595174789429,\n",
       "     3.3718764781951904],\n",
       "    [0.9816364049911499,\n",
       "     -0.09983852505683899,\n",
       "     0.16254974901676178,\n",
       "     0.6552590727806091],\n",
       "    [0.0, 0.8521074056625366, 0.5233668088912964, 2.1097593307495117],\n",
       "    [0.0, 0.0, 0.0, 1.0]]},\n",
       "  {'file_path': './val/r_22',\n",
       "   'rotation': 0.012566370614359171,\n",
       "   'transform_matrix': [[-0.0660567581653595,\n",
       "     -0.7641744017601013,\n",
       "     0.6416182518005371,\n",
       "     2.5864460468292236],\n",
       "    [0.9978159070014954,\n",
       "     -0.05058937892317772,\n",
       "     0.042475998401641846,\n",
       "     0.17122624814510345],\n",
       "    [0.0, 0.6430227160453796, 0.7658470273017883, 3.087228298187256],\n",
       "    [0.0, 0.0, 0.0, 1.0]]},\n",
       "  {'file_path': './val/r_23',\n",
       "   'rotation': 0.012566370614359171,\n",
       "   'transform_matrix': [[-0.8457932472229004,\n",
       "     0.25575706362724304,\n",
       "     -0.46821174025535583,\n",
       "     -1.8874218463897705],\n",
       "    [-0.5335109233856201,\n",
       "     -0.4054604768753052,\n",
       "     0.742272138595581,\n",
       "     2.992194652557373],\n",
       "    [-1.4901161193847656e-08,\n",
       "     0.8776047825813293,\n",
       "     0.4793849289417267,\n",
       "     1.932462453842163],\n",
       "    [0.0, 0.0, 0.0, 1.0]]},\n",
       "  {'file_path': './val/r_24',\n",
       "   'rotation': 0.012566370614359171,\n",
       "   'transform_matrix': [[-0.9516648054122925,\n",
       "     0.13068287074565887,\n",
       "     -0.27795007824897766,\n",
       "     -1.120452642440796],\n",
       "    [-0.3071388602256775,\n",
       "     -0.4049187898635864,\n",
       "     0.8612238168716431,\n",
       "     3.4717042446136475],\n",
       "    [-7.450581485102248e-09,\n",
       "     0.9049655795097351,\n",
       "     0.42548471689224243,\n",
       "     1.7151837348937988],\n",
       "    [0.0, 0.0, 0.0, 1.0]]},\n",
       "  {'file_path': './val/r_25',\n",
       "   'rotation': 0.012566370614359171,\n",
       "   'transform_matrix': [[-0.28118154406547546,\n",
       "     -0.760867178440094,\n",
       "     0.5848230719566345,\n",
       "     2.357497215270996],\n",
       "    [0.9596545696258545,\n",
       "     -0.22293627262115479,\n",
       "     0.17135484516620636,\n",
       "     0.6907534599304199],\n",
       "    [0.0, 0.6094099283218384, 0.7928552627563477, 3.1961019039154053],\n",
       "    [0.0, 0.0, 0.0, 1.0]]},\n",
       "  {'file_path': './val/r_26',\n",
       "   'rotation': 0.012566370614359171,\n",
       "   'transform_matrix': [[-0.9813421368598938,\n",
       "     -0.11087089776992798,\n",
       "     0.15708380937576294,\n",
       "     0.6332250833511353],\n",
       "    [0.19226981699466705,\n",
       "     -0.5658833384513855,\n",
       "     0.8017532825469971,\n",
       "     3.23197078704834],\n",
       "    [7.450580596923828e-09,\n",
       "     0.8169966340065002,\n",
       "     0.5766423344612122,\n",
       "     2.324519634246826],\n",
       "    [0.0, 0.0, 0.0, 1.0]]},\n",
       "  {'file_path': './val/r_27',\n",
       "   'rotation': 0.012566370614359171,\n",
       "   'transform_matrix': [[-0.25844085216522217,\n",
       "     -0.38503262400627136,\n",
       "     0.8859786987304688,\n",
       "     3.5714943408966064],\n",
       "    [0.9660271406173706,\n",
       "     -0.10300762951374054,\n",
       "     0.23702552914619446,\n",
       "     0.9554804563522339],\n",
       "    [0.0, 0.9171364903450012, 0.3985733091831207, 1.6067004203796387],\n",
       "    [0.0, 0.0, 0.0, 1.0]]},\n",
       "  {'file_path': './val/r_28',\n",
       "   'rotation': 0.012566370614359171,\n",
       "   'transform_matrix': [[0.6116369962692261,\n",
       "     0.30511927604675293,\n",
       "     -0.7299331426620483,\n",
       "     -2.9424545764923096],\n",
       "    [-0.7911385297775269,\n",
       "     0.2358907163143158,\n",
       "     -0.5643185377120972,\n",
       "     -2.274840831756592],\n",
       "    [-1.4901161193847656e-08,\n",
       "     0.9226362705230713,\n",
       "     0.38567110896110535,\n",
       "     1.5546900033950806],\n",
       "    [0.0, 0.0, 0.0, 1.0]]},\n",
       "  {'file_path': './val/r_29',\n",
       "   'rotation': 0.012566370614359171,\n",
       "   'transform_matrix': [[-0.9634955525398254,\n",
       "     0.2673878073692322,\n",
       "     -0.013416598550975323,\n",
       "     -0.054084040224552155],\n",
       "    [-0.2677241861820221,\n",
       "     -0.9622849822044373,\n",
       "     0.0482841394841671,\n",
       "     0.19463959336280823],\n",
       "    [-9.313225191043273e-10,\n",
       "     0.05011387914419174,\n",
       "     0.9987435340881348,\n",
       "     4.026063919067383],\n",
       "    [0.0, 0.0, 0.0, 1.0]]},\n",
       "  {'file_path': './val/r_30',\n",
       "   'rotation': 0.012566370614359171,\n",
       "   'transform_matrix': [[-0.955315113067627,\n",
       "     0.18270544707775116,\n",
       "     -0.23236118257045746,\n",
       "     -0.9366779327392578],\n",
       "    [-0.29558926820755005,\n",
       "     -0.5904858708381653,\n",
       "     0.7509682774543762,\n",
       "     3.027250289916992],\n",
       "    [0.0, 0.7860949039459229, 0.6181057691574097, 2.491664409637451],\n",
       "    [0.0, 0.0, 0.0, 1.0]]},\n",
       "  {'file_path': './val/r_31',\n",
       "   'rotation': 0.012566370614359171,\n",
       "   'transform_matrix': [[-0.30864205956459045,\n",
       "     -0.9310680627822876,\n",
       "     0.1945572793483734,\n",
       "     0.7842854857444763],\n",
       "    [0.951178252696991,\n",
       "     -0.30211660265922546,\n",
       "     0.0631307065486908,\n",
       "     0.2544880211353302],\n",
       "    [-3.7252898543727042e-09,\n",
       "     0.2045436054468155,\n",
       "     0.9788574576377869,\n",
       "     3.9459006786346436],\n",
       "    [0.0, 0.0, 0.0, 1.0]]},\n",
       "  {'file_path': './val/r_32',\n",
       "   'rotation': 0.012566370614359171,\n",
       "   'transform_matrix': [[-0.4167010188102722,\n",
       "     0.8539616465568542,\n",
       "     -0.3116244077682495,\n",
       "     -1.2561981678009033],\n",
       "    [-0.9090436697006226,\n",
       "     -0.39145171642303467,\n",
       "     0.14284706115722656,\n",
       "     0.5758349299430847],\n",
       "    [0.0, 0.34280478954315186, 0.93940669298172, 3.786869525909424],\n",
       "    [0.0, 0.0, 0.0, 1.0]]},\n",
       "  {'file_path': './val/r_33',\n",
       "   'rotation': 0.012566370614359171,\n",
       "   'transform_matrix': [[-0.001283005578443408,\n",
       "     0.8087321519851685,\n",
       "     -0.5881757736206055,\n",
       "     -2.3710124492645264],\n",
       "    [-0.9999991655349731,\n",
       "     -0.0010376087157055736,\n",
       "     0.0007546333945356309,\n",
       "     0.0030420245602726936],\n",
       "    [-5.820766091346741e-11,\n",
       "     0.5881762504577637,\n",
       "     0.8087326884269714,\n",
       "     3.260105848312378],\n",
       "    [0.0, 0.0, 0.0, 1.0]]},\n",
       "  {'file_path': './val/r_34',\n",
       "   'rotation': 0.012566370614359171,\n",
       "   'transform_matrix': [[-0.9329484105110168,\n",
       "     0.3070449233055115,\n",
       "     -0.18796445429325104,\n",
       "     -0.7577089667320251],\n",
       "    [-0.360010027885437,\n",
       "     -0.7956919074058533,\n",
       "     0.4871006906032562,\n",
       "     1.963565707206726],\n",
       "    [0.0, 0.5221089124679565, 0.8528788089752197, 3.4380643367767334],\n",
       "    [0.0, 0.0, 0.0, 1.0]]},\n",
       "  {'file_path': './val/r_35',\n",
       "   'rotation': 0.012566370614359171,\n",
       "   'transform_matrix': [[0.9847587943077087,\n",
       "     0.06196998804807663,\n",
       "     -0.16251100599765778,\n",
       "     -0.6551028490066528],\n",
       "    [-0.17392557859420776,\n",
       "     0.3508712649345398,\n",
       "     -0.9201300144195557,\n",
       "     -3.709162712097168],\n",
       "    [-3.725290298461914e-09,\n",
       "     0.9343709349632263,\n",
       "     0.3563017249107361,\n",
       "     1.4362982511520386],\n",
       "    [0.0, 0.0, 0.0, 1.0]]},\n",
       "  {'file_path': './val/r_36',\n",
       "   'rotation': 0.012566370614359171,\n",
       "   'transform_matrix': [[-0.9661948680877686,\n",
       "     0.13887961208820343,\n",
       "     -0.21720945835113525,\n",
       "     -0.875599205493927],\n",
       "    [-0.25781288743019104,\n",
       "     -0.5204734206199646,\n",
       "     0.8140270113945007,\n",
       "     3.281447410583496],\n",
       "    [0.0, 0.8425080180168152, 0.5386837720870972, 2.1715035438537598],\n",
       "    [0.0, 0.0, 0.0, 1.0]]},\n",
       "  {'file_path': './val/r_37',\n",
       "   'rotation': 0.012566370614359171,\n",
       "   'transform_matrix': [[0.212228924036026,\n",
       "     -0.6547371745109558,\n",
       "     0.7254502773284912,\n",
       "     2.9243836402893066],\n",
       "    [0.9772200584411621,\n",
       "     0.14219331741333008,\n",
       "     -0.15755051374435425,\n",
       "     -0.6351064443588257],\n",
       "    [-7.450581485102248e-09,\n",
       "     0.7423611879348755,\n",
       "     0.6699998378753662,\n",
       "     2.7008557319641113],\n",
       "    [0.0, 0.0, 0.0, 1.0]]},\n",
       "  {'file_path': './val/r_38',\n",
       "   'rotation': 0.012566370614359171,\n",
       "   'transform_matrix': [[-0.8694868087768555,\n",
       "     0.2918384075164795,\n",
       "     -0.39852622151374817,\n",
       "     -1.6065106391906738],\n",
       "    [-0.4939563572406769,\n",
       "     -0.5137086510658264,\n",
       "     0.7015059590339661,\n",
       "     2.8278610706329346],\n",
       "    [1.4901162970204496e-08,\n",
       "     0.8068047165870667,\n",
       "     0.5908182263374329,\n",
       "     2.381664514541626],\n",
       "    [0.0, 0.0, 0.0, 1.0]]},\n",
       "  {'file_path': './val/r_39',\n",
       "   'rotation': 0.012566370614359171,\n",
       "   'transform_matrix': [[-0.9999409914016724,\n",
       "     0.00746371503919363,\n",
       "     -0.007892943918704987,\n",
       "     -0.031817469745874405],\n",
       "    [-0.010863037779927254,\n",
       "     -0.6870338320732117,\n",
       "     0.7265442609786987,\n",
       "     2.92879319190979],\n",
       "    [0.0, 0.7265870571136475, 0.6870744228363037, 2.7696852684020996],\n",
       "    [0.0, 0.0, 0.0, 1.0]]},\n",
       "  {'file_path': './val/r_40',\n",
       "   'rotation': 0.012566370614359171,\n",
       "   'transform_matrix': [[0.9582861661911011,\n",
       "     -0.22143638134002686,\n",
       "     0.1807035356760025,\n",
       "     0.7284392714500427],\n",
       "    [0.2858108580112457,\n",
       "     0.742447018623352,\n",
       "     -0.6058751344680786,\n",
       "     -2.4423608779907227],\n",
       "    [0.0, 0.6322486996650696, 0.7747654318809509, 3.1231794357299805],\n",
       "    [0.0, 0.0, 0.0, 1.0]]},\n",
       "  {'file_path': './val/r_41',\n",
       "   'rotation': 0.012566370614359171,\n",
       "   'transform_matrix': [[0.3640463054180145,\n",
       "     0.2326825112104416,\n",
       "     -0.9018476605415344,\n",
       "     -3.6354641914367676],\n",
       "    [-0.9313809275627136,\n",
       "     0.09094797074794769,\n",
       "     -0.352502703666687,\n",
       "     -1.4209837913513184],\n",
       "    [0.0, 0.9682909846305847, 0.24982528388500214, 1.007077932357788],\n",
       "    [0.0, 0.0, 0.0, 1.0]]},\n",
       "  {'file_path': './val/r_42',\n",
       "   'rotation': 0.012566370614359171,\n",
       "   'transform_matrix': [[-0.4210363030433655,\n",
       "     -0.523034930229187,\n",
       "     0.7410551905632019,\n",
       "     2.9872889518737793],\n",
       "    [0.9070438146591187,\n",
       "     -0.24278506636619568,\n",
       "     0.343986839056015,\n",
       "     1.386655330657959],\n",
       "    [-1.4901162970204496e-08,\n",
       "     0.8170003890991211,\n",
       "     0.5766369700431824,\n",
       "     2.324497938156128],\n",
       "    [0.0, 0.0, 0.0, 1.0]]},\n",
       "  {'file_path': './val/r_43',\n",
       "   'rotation': 0.012566370614359171,\n",
       "   'transform_matrix': [[-0.9582880735397339,\n",
       "     0.11658365279436111,\n",
       "     -0.26094502210617065,\n",
       "     -1.0519030094146729],\n",
       "    [-0.28580424189567566,\n",
       "     -0.3908994495868683,\n",
       "     0.8749362826347351,\n",
       "     3.5269808769226074],\n",
       "    [0.0, 0.9130200743675232, 0.407914400100708, 1.6443555355072021],\n",
       "    [0.0, 0.0, 0.0, 1.0]]},\n",
       "  {'file_path': './val/r_44',\n",
       "   'rotation': 0.012566370614359171,\n",
       "   'transform_matrix': [[-0.5645827054977417,\n",
       "     0.6931433081626892,\n",
       "     -0.4481058120727539,\n",
       "     -1.8063722848892212],\n",
       "    [-0.8253765106201172,\n",
       "     -0.47413116693496704,\n",
       "     0.3065180480480194,\n",
       "     1.2356138229370117],\n",
       "    [0.0, 0.5429107546806335, 0.8397902846336365, 3.385303020477295],\n",
       "    [0.0, 0.0, 0.0, 1.0]]},\n",
       "  {'file_path': './val/r_45',\n",
       "   'rotation': 0.012566370614359171,\n",
       "   'transform_matrix': [[0.6602585911750793,\n",
       "     -0.6939958333969116,\n",
       "     0.2871035039424896,\n",
       "     1.1573512554168701],\n",
       "    [0.7510383725166321,\n",
       "     0.6101109385490417,\n",
       "     -0.25240063667297363,\n",
       "     -1.017459511756897],\n",
       "    [1.4901161193847656e-08,\n",
       "     0.38227540254592896,\n",
       "     0.9240483641624451,\n",
       "     3.7249581813812256],\n",
       "    [0.0, 0.0, 0.0, 1.0]]},\n",
       "  {'file_path': './val/r_46',\n",
       "   'rotation': 0.012566370614359171,\n",
       "   'transform_matrix': [[-0.538639485836029,\n",
       "     -0.490124374628067,\n",
       "     0.6853069067001343,\n",
       "     2.7625606060028076],\n",
       "    [0.842536449432373,\n",
       "     -0.3133399784564972,\n",
       "     0.4381215572357178,\n",
       "     1.7661244869232178],\n",
       "    [1.4901162970204496e-08,\n",
       "     0.8133854866027832,\n",
       "     0.5817249417304993,\n",
       "     2.345008134841919],\n",
       "    [0.0, 0.0, 0.0, 1.0]]},\n",
       "  {'file_path': './val/r_47',\n",
       "   'rotation': 0.012566370614359171,\n",
       "   'transform_matrix': [[0.4088513255119324,\n",
       "     -0.6005859375,\n",
       "     0.6871222853660583,\n",
       "     2.769878625869751],\n",
       "    [0.9126009941101074,\n",
       "     0.2690664827823639,\n",
       "     -0.30783534049987793,\n",
       "     -1.2409240007400513],\n",
       "    [0.0, 0.7529274225234985, 0.6581035256385803, 2.652900218963623],\n",
       "    [0.0, 0.0, 0.0, 1.0]]},\n",
       "  {'file_path': './val/r_48',\n",
       "   'rotation': 0.012566370614359171,\n",
       "   'transform_matrix': [[-0.8135992288589478,\n",
       "     0.4267844259738922,\n",
       "     -0.39485612511634827,\n",
       "     -1.5917160511016846],\n",
       "    [-0.5814261436462402,\n",
       "     -0.5972064733505249,\n",
       "     0.5525286793708801,\n",
       "     2.2273144721984863],\n",
       "    [0.0, 0.6791166067123413, 0.7340303063392639, 2.9589710235595703],\n",
       "    [0.0, 0.0, 0.0, 1.0]]},\n",
       "  {'file_path': './val/r_49',\n",
       "   'rotation': 0.012566370614359171,\n",
       "   'transform_matrix': [[0.8506379127502441,\n",
       "     -0.3091965317726135,\n",
       "     0.4252208173274994,\n",
       "     1.7141199111938477],\n",
       "    [0.525752067565918,\n",
       "     0.500262975692749,\n",
       "     -0.6879838705062866,\n",
       "     -2.7733516693115234],\n",
       "    [0.0, 0.8087858557701111, 0.5881032943725586, 2.370720148086548],\n",
       "    [0.0, 0.0, 0.0, 1.0]]},\n",
       "  {'file_path': './val/r_50',\n",
       "   'rotation': 0.012566370614359171,\n",
       "   'transform_matrix': [[-0.3938506245613098,\n",
       "     0.3513842523097992,\n",
       "     -0.8493590354919434,\n",
       "     -3.4238758087158203],\n",
       "    [-0.9191744327545166,\n",
       "     -0.15056218206882477,\n",
       "     0.3639358878135681,\n",
       "     1.4670724868774414],\n",
       "    [-1.4901161193847656e-08,\n",
       "     0.9240455627441406,\n",
       "     0.38228240609169006,\n",
       "     1.541029691696167],\n",
       "    [0.0, 0.0, 0.0, 1.0]]},\n",
       "  {'file_path': './val/r_51',\n",
       "   'rotation': 0.012566370614359171,\n",
       "   'transform_matrix': [[0.8553232550621033,\n",
       "     0.20908105373382568,\n",
       "     -0.4740329086780548,\n",
       "     -1.9108878374099731],\n",
       "    [-0.5180947184562683,\n",
       "     0.3451722264289856,\n",
       "     -0.7825815677642822,\n",
       "     -3.1546874046325684],\n",
       "    [1.4901161193847656e-08,\n",
       "     0.9149542450904846,\n",
       "     0.40355759859085083,\n",
       "     1.6267927885055542],\n",
       "    [0.0, 0.0, 0.0, 1.0]]},\n",
       "  {'file_path': './val/r_52',\n",
       "   'rotation': 0.012566370614359171,\n",
       "   'transform_matrix': [[0.26073157787323,\n",
       "     0.1272440105676651,\n",
       "     -0.9569889307022095,\n",
       "     -3.857746124267578],\n",
       "    [-0.9654112458229065,\n",
       "     0.034365180879831314,\n",
       "     -0.2584569454193115,\n",
       "     -1.0418733358383179],\n",
       "    [0.0, 0.99127596616745, 0.13180285692214966, 0.5313143730163574],\n",
       "    [0.0, 0.0, 0.0, 1.0]]},\n",
       "  {'file_path': './val/r_53',\n",
       "   'rotation': 0.012566370614359171,\n",
       "   'transform_matrix': [[-0.8553526997566223,\n",
       "     -0.28775134682655334,\n",
       "     0.43077942728996277,\n",
       "     1.736527442932129],\n",
       "    [0.5180460810661316,\n",
       "     -0.4751099944114685,\n",
       "     0.7112655639648438,\n",
       "     2.8672032356262207],\n",
       "    [-1.4901161193847656e-08,\n",
       "     0.8315466046333313,\n",
       "     0.5554550290107727,\n",
       "     2.2391109466552734],\n",
       "    [0.0, 0.0, 0.0, 1.0]]},\n",
       "  {'file_path': './val/r_54',\n",
       "   'rotation': 0.012566370614359171,\n",
       "   'transform_matrix': [[0.12561145424842834,\n",
       "     -0.6828525066375732,\n",
       "     0.7196764945983887,\n",
       "     2.901108741760254],\n",
       "    [0.992079496383667,\n",
       "     0.08645889163017273,\n",
       "     -0.09112133085727692,\n",
       "     -0.36732181906700134],\n",
       "    [-3.725290298461914e-09,\n",
       "     0.725422203540802,\n",
       "     0.6883041262626648,\n",
       "     2.7746427059173584],\n",
       "    [0.0, 0.0, 0.0, 1.0]]},\n",
       "  {'file_path': './val/r_55',\n",
       "   'rotation': 0.012566370614359171,\n",
       "   'transform_matrix': [[-0.22184966504573822,\n",
       "     -0.2875310778617859,\n",
       "     0.9317234754562378,\n",
       "     3.7558975219726562],\n",
       "    [0.9750808477401733,\n",
       "     -0.06541885435581207,\n",
       "     0.2119850367307663,\n",
       "     0.8545390367507935],\n",
       "    [-3.725290076417309e-09,\n",
       "     0.9555345177650452,\n",
       "     0.2948791980743408,\n",
       "     1.188696026802063],\n",
       "    [0.0, 0.0, 0.0, 1.0]]},\n",
       "  {'file_path': './val/r_56',\n",
       "   'rotation': 0.012566370614359171,\n",
       "   'transform_matrix': [[-0.9838011264801025,\n",
       "     0.16920199990272522,\n",
       "     -0.059212230145931244,\n",
       "     -0.23869210481643677],\n",
       "    [-0.17926351726055145,\n",
       "     -0.9285833239555359,\n",
       "     0.3249576687812805,\n",
       "     1.309946060180664],\n",
       "    [0.0, 0.3303082287311554, 0.9438731670379639, 3.8048739433288574],\n",
       "    [0.0, 0.0, 0.0, 1.0]]},\n",
       "  {'file_path': './val/r_57',\n",
       "   'rotation': 0.012566370614359171,\n",
       "   'transform_matrix': [[-0.7847214341163635,\n",
       "     -0.23028451204299927,\n",
       "     0.575483500957489,\n",
       "     2.3198485374450684],\n",
       "    [0.6198486089706421,\n",
       "     -0.2915376126766205,\n",
       "     0.7285556793212891,\n",
       "     2.9369020462036133],\n",
       "    [0.0, 0.9284259080886841, 0.3715173602104187, 1.4976345300674438],\n",
       "    [0.0, 0.0, 0.0, 1.0]]},\n",
       "  {'file_path': './val/r_58',\n",
       "   'rotation': 0.012566370614359171,\n",
       "   'transform_matrix': [[0.5415776371955872,\n",
       "     0.783859372138977,\n",
       "     -0.3037402927875519,\n",
       "     -1.2244162559509277],\n",
       "    [-0.8406506776809692,\n",
       "     0.5049906373023987,\n",
       "     -0.19568051397800446,\n",
       "     -0.7888134121894836],\n",
       "    [-1.4901159417490817e-08,\n",
       "     0.36131566762924194,\n",
       "     0.9324435591697693,\n",
       "     3.7588002681732178],\n",
       "    [0.0, 0.0, 0.0, 1.0]]},\n",
       "  {'file_path': './val/r_59',\n",
       "   'rotation': 0.012566370614359171,\n",
       "   'transform_matrix': [[0.728072464466095,\n",
       "     0.4968300461769104,\n",
       "     -0.47230321168899536,\n",
       "     -1.9039151668548584],\n",
       "    [-0.6855000257492065,\n",
       "     0.527685284614563,\n",
       "     -0.5016351938247681,\n",
       "     -2.022156238555908],\n",
       "    [1.4901160305669237e-08,\n",
       "     0.6889907121658325,\n",
       "     0.7247701287269592,\n",
       "     2.9216418266296387],\n",
       "    [0.0, 0.0, 0.0, 1.0]]},\n",
       "  {'file_path': './val/r_60',\n",
       "   'rotation': 0.012566370614359171,\n",
       "   'transform_matrix': [[0.6288418173789978,\n",
       "     0.7667397856712341,\n",
       "     -0.12910528481006622,\n",
       "     -0.5204401016235352],\n",
       "    [-0.7775332927703857,\n",
       "     0.620112419128418,\n",
       "     -0.10441585630178452,\n",
       "     -0.42091381549835205],\n",
       "    [0.0, 0.166044682264328, 0.9861181378364563, 3.9751696586608887],\n",
       "    [0.0, 0.0, 0.0, 1.0]]},\n",
       "  {'file_path': './val/r_61',\n",
       "   'rotation': 0.012566370614359171,\n",
       "   'transform_matrix': [[-0.9952988624572754,\n",
       "     -0.0925230160355568,\n",
       "     0.028632760047912598,\n",
       "     0.11542234569787979],\n",
       "    [0.09685219079256058,\n",
       "     -0.9508103132247925,\n",
       "     0.29424378275871277,\n",
       "     1.1861345767974854],\n",
       "    [0.0, 0.29563361406326294, 0.9553014039993286, 3.850943088531494],\n",
       "    [0.0, 0.0, 0.0, 1.0]]},\n",
       "  {'file_path': './val/r_62',\n",
       "   'rotation': 0.012566370614359171,\n",
       "   'transform_matrix': [[-0.11423873156309128,\n",
       "     0.2578285336494446,\n",
       "     -0.9594133496284485,\n",
       "     -3.867518901824951],\n",
       "    [-0.9934533834457397,\n",
       "     -0.029648099094629288,\n",
       "     0.1103244200348854,\n",
       "     0.4447319507598877],\n",
       "    [1.862645149230957e-09,\n",
       "     0.9657357335090637,\n",
       "     0.2595275640487671,\n",
       "     1.0461890697479248],\n",
       "    [0.0, 0.0, 0.0, 1.0]]},\n",
       "  {'file_path': './val/r_63',\n",
       "   'rotation': 0.012566370614359171,\n",
       "   'transform_matrix': [[0.37596672773361206,\n",
       "     -0.5535237789154053,\n",
       "     0.743142306804657,\n",
       "     2.9957025051116943],\n",
       "    [0.9266331791877747,\n",
       "     0.22458352148532867,\n",
       "     -0.3015182316303253,\n",
       "     -1.215458869934082],\n",
       "    [-1.4901160305669237e-08,\n",
       "     0.8019811511039734,\n",
       "     0.5973493456840515,\n",
       "     2.407992124557495],\n",
       "    [0.0, 0.0, 0.0, 1.0]]},\n",
       "  {'file_path': './val/r_64',\n",
       "   'rotation': 0.012566370614359171,\n",
       "   'transform_matrix': [[0.17138850688934326,\n",
       "     0.3474726676940918,\n",
       "     -0.9218940734863281,\n",
       "     -3.716273784637451],\n",
       "    [-0.9852035045623779,\n",
       "     0.06044723093509674,\n",
       "     -0.16037504374980927,\n",
       "     -0.6464924812316895],\n",
       "    [-3.725290076417309e-09,\n",
       "     0.9357396960258484,\n",
       "     0.35269126296043396,\n",
       "     1.4217439889907837],\n",
       "    [0.0, 0.0, 0.0, 1.0]]},\n",
       "  {'file_path': './val/r_65',\n",
       "   'rotation': 0.012566370614359171,\n",
       "   'transform_matrix': [[-0.42450281977653503,\n",
       "     0.7008622884750366,\n",
       "     -0.5732272267341614,\n",
       "     -2.3107528686523438],\n",
       "    [-0.9054266810417175,\n",
       "     -0.32859426736831665,\n",
       "     0.2687534689903259,\n",
       "     1.083379864692688],\n",
       "    [-1.4901161193847656e-08,\n",
       "     0.6331018209457397,\n",
       "     0.7740684747695923,\n",
       "     3.1203699111938477],\n",
       "    [0.0, 0.0, 0.0, 1.0]]},\n",
       "  {'file_path': './val/r_66',\n",
       "   'rotation': 0.012566370614359171,\n",
       "   'transform_matrix': [[-0.7185413241386414,\n",
       "     0.14220328629016876,\n",
       "     -0.6807910799980164,\n",
       "     -2.744356870651245],\n",
       "    [-0.6954842805862427,\n",
       "     -0.1469176709651947,\n",
       "     0.7033609747886658,\n",
       "     2.835339069366455],\n",
       "    [0.0, 0.9788734316825867, 0.2044665664434433, 0.8242311477661133],\n",
       "    [0.0, 0.0, 0.0, 1.0]]},\n",
       "  {'file_path': './val/r_67',\n",
       "   'rotation': 0.012566370614359171,\n",
       "   'transform_matrix': [[-0.9405592679977417,\n",
       "     -0.29734566807746887,\n",
       "     0.16411539912223816,\n",
       "     0.6615703105926514],\n",
       "    [0.3396296501159668,\n",
       "     -0.8234593272209167,\n",
       "     0.4544958174228668,\n",
       "     1.832131266593933],\n",
       "    [0.0, 0.4832186698913574, 0.8754996657371521, 3.529252052307129],\n",
